105
4 2
3 99
2 3
7 2
203 100
3 100
195 99
4 4
97 99
997184809 100
2 1
146755893 1
201 100
98 100
1 3
97 100
199 100
999999999 2
9 3
197 100
443452894 88
4 6
202 100
3 4
101 100
6 3
142120133 69
1 10
1000000000 1
2 5
1000000000 40
670528042 10
2 4
201 99
1 99
2 100
999999999 3
412538846 2
200 100
593065517 43
1 31
5 1
3 3
4 7
1000000000 100
7 3
197 99
894606664 83
102 100
4 3
1000000000 2
1000000000 94
999999999 100
2 2
417021999 1
3 1
1 2
27387596 54
196 99
411787879 54
5 2
101 99
236088977 100
999999999 1
2 99
103 100
999999999 99
199 99
98 99
273049978 17
100 100
671654092 96
96 99
800744567 72
4 9
1 1
4 1
289629644 32
99 99
1000000000 3
1000000000 99
186260212 39
6 2
198 100
128124448 100
59243198 88
968261572 81
4 8
3 2
200 99
99 100
417304805 46
5 3
198 99
1 73
3 7
3 6
114382 1
3 5
138 6
4 5
8 3
102 99
1 100
100 99
